A=randi(9,3,4)

A(2,4)=15

A(3,1)=-12

B=A
B(7,5)=-14

